sistema de potencia de 6 buses
------------------------------
numero de buses
6
numero generadores
3
numero lineas
11
numero buses swing
1
potencia base MVA
100
  bus   p   q  vlow vhigh vbase ibase
-++++++----++++-----+++++------+++++++
1 BUS_1 0.0 0.0 0.95 1.05 230E3 251.01
2 BUS_2 0.0 0.0 0.95 1.05 230E3 251.01
3 BUS_3 0.0 0.0 0.95 1.05 230E3 251.01 
4 BUS_4 0.7 0.7 0.95 1.05 230E3 251.01
5 BUS_5 0.7 0.7 0.95 1.05 230E3 251.01
6 BUS_6 0.7 0.7 0.95 1.05 230E3 251.01
g  p   volt   
-+++++-----++++-----
1 0.0 1.05 1.0 -1.0
2 0.5 1.05 1.0 -1.0
3 0.6 1.07 0.6 -1.0
       r     x  Ashunt       
--+++-----++++++-------
1  2  0.10  0.20 0.02     
1  4  0.05  0.20 0.02     
1  5  0.08  0.30 0.03    
2  3  0.05  0.25 0.03      
2  4  0.05  0.10 0.01     
2  5  0.10  0.30 0.02     
2  6  0.07  0.20 0.025    
3  5  0.12  0.26 0.025    
3  6  0.02  0.10 0.01    
4  5  0.20  0.40 0.04      
5  6  0.10  0.30 0.03     

